100 0.014617510117595116
100.1 0.0147305426092548
100.19999999999999 0.014844890532137778
100.29999999999998 0.014960574365716964
100.39999999999998 0.015077614989345244
100.49999999999997 0.01519603369165651
100.59999999999997 0.015315852180225404
100.69999999999996 0.015437092591493916
100.79999999999995 0.015559777500973364
100.89999999999995 0.015683929933730426
100.99999999999994 0.015809573375166357
101.09999999999994 0.01593673178209876
101.19999999999993 0.016065429594155675
101.29999999999993 0.016195691745492066
101.39999999999992 0.016327543676839116
101.49999999999991 0.01646101134789732
101.59999999999991 0.016596121250084417
101.6999999999999 0.01673290041965001
101.7999999999999 0.01687137645116884
101.89999999999989 0.017011577511425284
101.99999999999989 0.017153532353702164
102.09999999999988 0.0172972703324872
102.19999999999987 0.01744282141861132
102.29999999999987 0.017590216214833174
102.39999999999986 0.017739485971885086
102.49999999999986 0.017890662604996006
102.59999999999985 0.01804377871090781
102.69999999999985 0.018198867585401807
102.79999999999984 0.01835596324135292
102.89999999999984 0.018515100427329977
102.99999999999983 0.018676314646760794
103.09999999999982 0.018839642177681942
103.19999999999982 0.0190051200930935
103.29999999999981 0.01917278628194016
103.3999999999998 0.019342679470740753
103.4999999999998 0.019514839245889145
103.5999999999998 0.019689306076650467
103.69999999999979 0.019866121338877527
103.79999999999978 0.02004532733947327
103.89999999999978 0.02022696734162621
103.99999999999977 0.020411085590846832
104.09999999999977 0.020597727341834203
104.19999999999976 0.020786938886203064
104.29999999999976 0.02097876758110306
104.39999999999975 0.021173261878763092
104.49999999999974 0.021370471356994988
104.59999999999974 0.02157044675069232
104.69999999999973 0.0217732399843616
104.79999999999973 0.02197890420572461
104.89999999999972 0.022187493820432447
104.99999999999972 0.022399064527933315
105.09999999999971 0.02261367335853827
105.1999999999997 0.02283137871173062
105.2999999999997 0.023052240395766983
105.3999999999997 0.023276319668619944
105.49999999999969 0.023503679280314424
105.59999999999968 0.023734383516712254
105.69999999999968 0.02396849824480175
105.79999999999967 0.024206090959551663
105.89999999999966 0.024447230832391517
105.99999999999966 0.024691988761383114
106.09999999999965 0.02494043742315089
106.19999999999965 0.025192651326641852
106.29999999999964 0.02544870686878917
106.39999999999964 0.02570868239215662
106.49999999999963 0.025972658244644908
106.59999999999962 0.026240716841344443
106.69999999999962 0.026512942728623107
106.79999999999961 0.026789422650541763
106.89999999999961 0.027070245617694454
106.9999999999996 0.02735550297857494
107.0999999999996 0.027645288493575934
107.19999999999959 0.02793969841173255
107.29999999999959 0.028238831550326714
107.39999999999958 0.028542789377474977
107.49999999999957 0.02885167609782804
107.59999999999957 0.029165598741516616
107.69999999999956 0.029484667256484624
107.79999999999956 0.029808994604358048
107.89999999999955 0.030138696860004525
107.99999999999955 0.030473893314947074
108.09999999999954 0.03081470658480298
108.19999999999953 0.031161262720927847
108.29999999999953 0.031513691326453624
108.39999999999952 0.031872125676919216
108.49999999999952 0.03223670284570228
108.59999999999951 0.03260756383447155
108.6999999999995 0.03298485370889047
108.7999999999995 0.03336872173981473
108.8999999999995 0.033759321550239016
108.99999999999949 0.034156811268261866
109.09999999999948 0.03456135368635144
109.19999999999948 0.034973116427210196
109.29999999999947 0.03539227211655255
109.39999999999947 0.03581899856312605
109.49999999999946 0.03625347894632498
109.59999999999945 0.03669590201176391
109.69999999999945 0.0371464622751989
109.79999999999944 0.03760536023520567
109.89999999999944 0.038072802595046355
109.99999999999943 0.03854900249418068
110.09999999999943 0.03903417974990307
110.19999999999942 0.03952856110961418
110.29999999999941 0.04003238051426426
110.39999999999941 0.04054587937353653
110.4999999999994 0.041069306853371325
110.5999999999994 0.041602920176466635
110.69999999999939 0.042146984936427434
110.79999999999939 0.0427017754262759
110.89999999999938 0.043267574982076375
110.99999999999937 0.043844676342473715
111.09999999999937 0.04443338202499153
111.19999999999936 0.04503400471998741
111.29999999999936 0.04564686770321698
111.39999999999935 0.04627230526801597
111.49999999999935 0.04691066317817228
111.59999999999934 0.04756229914262519
111.69999999999933 0.04822758331320044
111.79999999999933 0.04890689880666509
111.89999999999932 0.049600642252467034
111.99999999999932 0.05030922436761076
112.09999999999931 0.05103307056021381
112.1999999999993 0.05177262156338735
112.2999999999993 0.052528334101191246
112.3999999999993 0.0533006815885281
112.49999999999929 0.054090154866963044
112.59999999999928 0.05489726297858799
112.69999999999928 0.05572253398019002
112.79999999999927 0.056566515800135574
112.89999999999927 0.057429777140545125
112.99999999999926 0.05831290842750873
113.09999999999926 0.05921652281228147
113.19999999999925 0.06014125722660138
113.29999999999924 0.06108777349549148
113.39999999999924 0.062056759511143596
113.49999999999923 0.06304893047173628
113.59999999999923 0.06406503018931417
113.69999999999922 0.06510583247115251
113.79999999999922 0.06617214257935136
113.89999999999921 0.06726479877375013
113.9999999999992 0.06838467394362828
114.0999999999992 0.06953267733406289
114.19999999999919 0.07070975637325363
114.29999999999919 0.07191689860760087
114.39999999999918 0.07315513375183894
114.49999999999918 0.07442553586208633
114.59999999999917 0.07572922564028159
114.69999999999916 0.07706737287913473
114.79999999999916 0.07844119905744078
114.89999999999915 0.0798519800963829
114.99999999999915 0.08130104928830245
115.09999999999914 0.08278980041033833
115.19999999999914 0.08431969103634773
115.29999999999913 0.08589224606162028
115.39999999999912 0.08750906145609955
115.49999999999912 0.0891718082631386
115.59999999999911 0.09088223686225129
115.69999999999911 0.09264218151589136
115.7999999999991 0.09445356522201093
115.8999999999991 0.0963184048960346
115.99999999999909 0.09823881690795183
116.09999999999908 0.10021702300249909
116.19999999999908 0.10225535663289563
116.29999999999907 0.10435626974133724
116.39999999999907 0.10652234002246763
116.49999999999906 0.10875627870936952
116.59999999999906 0.11106093892527864
116.69999999999905 0.11343932464826549
116.79999999999905 0.11589460034059144
116.89999999999904 0.11843010129938057
116.99999999999903 0.12104934479070711
117.09999999999903 0.12375604203524555
117.19999999999902 0.12655411112033568
117.29999999999902 0.12944769092075475
117.39999999999901 0.13244115611875706
117.499999999999 0.13553913342313498
117.599999999999 0.13874651909729196
117.699999999999 0.1420684979177276
117.79999999999899 0.14551056369706356
117.89999999999898 0.1490785415199616
117.99999999999898 0.1527786118561845
118.09999999999897 0.15661733673285783
118.19999999999897 0.1606016881679479
118.29999999999896 0.16473907908936936
118.39999999999895 0.16903739698930811
118.49999999999895 0.17350504059166055
118.59999999999894 0.17815095984239282
118.69999999999894 0.18298469956860744
118.79999999999893 0.1880164471927471
118.89999999999893 0.19325708493433216
118.99999999999892 0.19871824698368856
119.09999999999891 0.20441238219116198
119.19999999999891 0.21035282288237
119.2999999999989 0.21655386048630595
119.3999999999989 0.2230308287499746
119.49999999999889 0.2298001954123277
119.59999999999889 0.23687966332346735
119.69999999999888 0.24428828212460682
119.79999999999887 0.25204657175270406
119.89999999999887 0.26017665920403815
119.99999999999886 0.2687024301868384
120.09999999999886 0.2776496975185733
120.19999999999885 0.2870463883835731
120.29999999999885 0.29692275286709946
120.39999999999884 0.30731159652961404
120.49999999999883 0.3182485401879363
120.59999999999883 0.32977231053778544
120.69999999999882 0.34192506579622517
120.79999999999882 0.35475276117624605
120.89999999999881 0.3683055597451301
120.9999999999988 0.38263829508238556
121.0999999999988 0.397810993164568
121.1999999999988 0.4138894620901964
121.29999999999879 0.4309459596503557
121.39999999999878 0.4490599503877272
121.49999999999878 0.46831896571424075
121.59999999999877 0.4888195829294664
121.69999999999877 0.5106685416625211
121.79999999999876 0.53398401942572
121.89999999999876 0.5588970917081127
121.99999999999875 0.585553406456472
122.09999999999874 0.6141151080124229
122.19999999999874 0.6447630517376003
122.29999999999873 0.6776993578228532
122.39999999999873 0.7131503613178795
122.49999999999872 0.7513700254209394
122.59999999999872 0.7926438967210875
122.69999999999871 0.8372936945536655
122.7999999999987 0.8856826420223
122.8999999999987 0.9382216635472679
122.99999999999869 0.9953765927907137
123.09999999999869 1.0576765548697016
123.19999999999868 1.1257237066386583
123.29999999999868 1.2002045361837008
123.39999999999867 1.2819029334930483
123.49999999999866 1.371715241798622
123.59999999999866 1.4706674722859763
123.69999999999865 1.579934796022641
123.79999999999865 1.7008632880278698
123.89999999999864 1.8349936456470335
123.99999999999864 1.984086169431721
124.09999999999863 2.150145577428782
124.19999999999862 2.3354430713299097
124.29999999999862 2.5425312656635555
124.39999999999861 2.774244823707694
124.49999999999861 3.033675517737522
124.5999999999986 3.324104484307533
124.6999999999986 3.6488662705239787
124.79999999999859 4.011108826749008
124.89999999999858 4.413401910199102
124.99999999999858 4.857136786403668
125.09999999999857 5.341660450655374
125.19999999999857 5.863112633338676
125.29999999999856 6.413006577493113
125.39999999999856 6.9767409786090075
125.49999999999855 7.532459322137301
125.59999999999854 8.050933481383447
125.69999999999854 8.497281262935548
125.79999999999853 8.83507196650648
125.89999999999853 9.032533814428426
125.99999999999852 9.069339744774247
126.09999999999852 8.941554135517759
126.19999999999851 8.662642193322425
126.2999999999985 8.260085150790871
126.3999999999985 7.769096149100513
126.4999999999985 7.225895928471336
126.59999999999849 6.662569058110848
126.69999999999848 6.1043192792980365
126.79999999999848 5.568869035464128
126.89999999999847 5.067242648180924
126.99999999999847 4.605167526037466
127.09999999999846 4.184558904720077
127.19999999999845 3.804808332415346
127.29999999999845 3.4637803283373074
127.39999999999844 3.158524170994694
127.49999999999844 2.8857507174786767
127.59999999999843 2.6421331309135163
127.69999999999843 2.4244838943973424
127.79999999999842 2.2298491152496207
127.89999999999841 2.05554990167656
127.99999999999841 1.899191377413925
128.0999999999984 1.7586530031334275
128.1999999999984 1.6320689974305203
128.2999999999984 1.5178043341629868
128.39999999999839 1.4144296028337773
128.49999999999838 1.3206966075308568
128.59999999999837 1.2355156918685122
128.69999999999837 1.1579352328544166
128.79999999999836 1.0871234235216345
128.89999999999836 1.0223522813131742
128.99999999999835 0.962983723506586
129.09999999999835 0.9084575082079367
129.19999999999834 0.8582808278719846
129.29999999999833 0.8120193482734016
129.39999999999833 0.7692895009436134
129.49999999999832 0.7297518562142475
129.59999999999832 0.6931054241911047
129.6999999999983 0.659082750554607
129.7999999999983 0.6274456921830746
129.8999999999983 0.5979817738484426
129.9999999999983 0.5705010415480198
130.0999999999983 0.5448333404761312
130.19999999999828 0.5208259563522823
130.29999999999828 0.49834156798859186
130.39999999999827 0.4772564667872104
130.49999999999827 0.4574590054894958
130.59999999999826 0.43884824411944146
130.69999999999825 0.4213327658228718
130.79999999999825 0.4048296393314129
130.89999999999824 0.38926350818866085
130.99999999999824 0.37456578976160465
131.09999999999823 0.3606739695050542
131.19999999999823 0.3475309780198873
131.29999999999822 0.33508464020579554
131.39999999999822 0.3232871873050749
131.4999999999982 0.3120948239072233
131.5999999999982 0.30146734306939044
131.6999999999982 0.2913677836342337
131.7999999999982 0.28176212461894323
131.8999999999982 0.2726190122276719
131.99999999999818 0.2639095156216268
132.09999999999818 0.2556069080811873
132.19999999999817 0.24768647062485405
132.29999999999816 0.24012531552093272
132.39999999999816 0.23290222744832553
132.49999999999815 0.2259975203400107
132.59999999999815 0.21939290818297316
132.69999999999814 0.21307138825679384
132.79999999999814 0.2070171354742928
132.89999999999813 0.2012154066453782
132.99999999999812 0.19565245362281758
133.09999999999812 0.19031544440879747
133.1999999999981 0.18519239140623725
133.2999999999981 0.18027208609089604
133.3999999999981 0.17554403946109584
133.4999999999981 0.1709984276928661
133.5999999999981 0.1666260424907739
133.69999999999808 0.16241824567974508
133.79999999999808 0.15836692763174887
133.89999999999807 0.1544644691641367
133.99999999999807 0.15070370658440088
134.09999999999806 0.14707789958976558
134.19999999999806 0.14358070175987298
134.29999999999805 0.1402061334073452
134.39999999999804 0.13694855657458666
134.49999999999804 0.1338026519861958
134.59999999999803 0.13076339778508234
134.69999999999803 0.12782604989710372
134.79999999999802 0.12498612388397581
134.89999999999802 0.12223937815758198
134.999999999998 0.11958179844078046
135.099999999998 0.1170095833705495
135.199999999998 0.11451913114895171
135.299999999998 0.11210702715606367
135.399999999998 0.1097700324468137
135.49999999999798 0.10750507306069067
135.59999999999798 0.10530923007961716
135.69999999999797 0.10317973037499217
135.79999999999797 0.10111393799006771
135.89999999999796 0.09910934610848994
135.99999999999795 0.0971635695640572
136.09999999999795 0.09527433785057246
136.19999999999794 0.09343948859413624
136.29999999999794 0.09165696145337289
136.39999999999793 0.08992479241594292
136.49999999999793 0.0882411084622928
136.59999999999792 0.08660412256995886
136.6999999999979 0.0850121290338958
136.7999999999979 0.08346349908026332
136.8999999999979 0.08195667675289517
136.9999999999979 0.08049017505330935
137.0999999999979 0.07906257231661203
137.19999999999789 0.0776725088070131
137.29999999999788 0.07631868351792091
137.39999999999787 0.07499985116272806
137.49999999999787 0.07371481934344828
137.59999999999786 0.07246244588532678
137.69999999999786 0.07124163632642812
137.79999999999785 0.07005134155201656
137.89999999999785 0.06889055556428889
137.99999999999784 0.0677583133787038
138.09999999999783 0.06665368903878328
138.19999999999783 0.06557579374184094
138.29999999999782 0.06452377406862805
138.39999999999782 0.06349681031038013
138.4999999999978 0.06249411488720279
138.5999999999978 0.061514930852155404
138.6999999999978 0.06055853047577881
138.7999999999978 0.059624213906172556
138.8999999999978 0.05871130790005845
138.99999999999778 0.057819164620574556
139.09999999999778 0.05694716049782785
139.19999999999777 0.05609469514849703
139.29999999999777 0.05526119035102154
139.39999999999776 0.05444608907313906
139.49999999999775 0.05364885454874365
139.59999999999775 0.05286896940123261
139.69999999999774 0.052105934810690646
139.79999999999774 0.05135926972242893
139.89999999999773 0.05062851009455331
139.99999999999773 0.049913208182381624
140.09999999999772 0.04921293185766592
140.19999999999771 0.048527263960701866
140.2999999999977 0.04785580168352556
140.3999999999977 0.04719815598250743
140.4999999999977 0.046553951018755965
140.5999999999977 0.045922823624839154
140.6999999999977 0.04530442279642104
140.79999999999768 0.04469840920749419
140.89999999999768 0.04410445474796671
140.99999999999767 0.04352224208243537
141.09999999999766 0.042951464229044514
141.19999999999766 0.04239182415739431
141.29999999999765 0.041843034404521334
141.39999999999765 0.041304816708030705
141.49999999999764 0.04077690165551116
141.59999999999764 0.04025902834941349
141.69999999999763 0.039750944086619174
141.79999999999762 0.039252404051968594
141.89999999999762 0.038763171025059474
141.9999999999976 0.0382830150996636
142.0999999999976 0.037811713415146074
142.1999999999976 0.037349049899304466
142.2999999999976 0.03689481502207739
142.3999999999976 0.03644880555960106
142.49999999999758 0.03601082436812065
142.59999999999758 0.03558068016728964
142.69999999999757 0.03515818733241455
142.79999999999757 0.03474316569522638
142.89999999999756 0.034335440352781466
142.99999999999756 0.03393484148411537
143.09999999999755 0.03354120417429296
143.19999999999754 0.03315436824551585
143.29999999999754 0.0327741780949662
143.39999999999753 0.03240048253908176
143.49999999999753 0.03203313466397261
143.59999999999752 0.031671991681704835
143.69999999999752 0.031316914792189725
143.7999999999975 0.03096776905043045
143.8999999999975 0.030624423238890187
143.9999999999975 0.030286749744757462
144.0999999999975 0.029954624441895308
144.1999999999975 0.02962792657727133
144.29999999999748 0.029306538661675572
144.39999999999748 0.028990346364542334
144.49999999999747 0.028679238412700942
144.59999999999746 0.028373106492888846
144.69999999999746 0.02807184515786822
144.79999999999745 0.027775351735994828
144.89999999999745 0.02748352624409501
144.99999999999744 0.027196271303513268
145.09999999999744 0.02691349205919949
145.19999999999743 0.026635096101710717
145.29999999999742 0.026360993392008307
145.39999999999742 0.026091096188936555
145.4999999999974 0.02582531897927433
145.5999999999974 0.025563578410255885
145.6999999999974 0.025305793224461855
145.7999999999974 0.025051884196985928
145.8999999999974 0.024801774074786755
145.99999999999739 0.024555387518138745
146.09999999999738 0.024312651044099288
146.19999999999737 0.024073492971913413
146.29999999999737 0.023837843370280498
146.39999999999736 0.023605634006410844
146.49999999999736 0.023376798296803083
146.59999999999735 0.023151271259676327
146.69999999999735 0.022928989468993938
146.79999999999734 0.022709891010018284
146.89999999999733 0.0224939154363386
146.99999999999733 0.022281003728316477
147.09999999999732 0.02207109825289578
147.19999999999732 0.021864142724726122
147.2999999999973 0.02166008216855106
147.3999999999973 0.021458862882814244
147.4999999999973 0.021260432404438763
147.5999999999973 0.021064739474736575
147.6999999999973 0.02087173400640691
147.79999999999728 0.020681367051584045
147.89999999999728 0.02049359077089655
147.99999999999727 0.02030835840350155
148.09999999999727 0.02012562423805917
148.19999999999726 0.01994534358461351
148.29999999999725 0.019767472747348053
148.39999999999725 0.01959196899818454
148.49999999999724 0.01941879055119563
148.59999999999724 0.019247896537802844
148.69999999999723 0.019079246982732362
148.79999999999723 0.018912802780702353
148.89999999999722 0.018748525673816525
148.99999999999721 0.018586378229639593
149.0999999999972 0.01842632381993124
149.1999999999972 0.018268326600016066
149.2999999999972 0.018112351488767983
149.3999999999972 0.01795836414918813
149.4999999999972 0.017806330969556357
149.59999999999718 0.017656219045137016
149.69999999999717 0.01750799616042049
149.79999999999717 0.017361630771882634
149.89999999999716 0.01721709199124496
149.99999999999716 0.017074349569218977
150.09999999999715 0.016933373879718813
150.19999999999715 0.016794135904526764
150.29999999999714 0.016656607218396936
150.39999999999714 0.016520759974582834
150.49999999999713 0.016386566890775084
150.59999999999712 0.016254001235436116
150.69999999999712 0.016123036814519084
150.7999999999971 0.01599364795855863
150.8999999999971 0.015865809510121807
150.9999999999971 0.01573949681160754
151.0999999999971 0.015614685693383817
151.1999999999971 0.015491352462251765
151.29999999999708 0.01536947389022655
151.39999999999708 0.015249027203625079
151.49999999999707 0.015129990072450996
151.59999999999707 0.015012340600067772
151.69999999999706 0.01489605731315097
151.79999999999706 0.014781119151911102
151.89999999999705 0.014667505460578803
151.99999999999704 0.01455519597814429
152.09999999999704 0.014444170829343383
152.19999999999703 0.014334410515882629
152.29999999999703 0.014225895907896295
152.39999999999702 0.014118608235628261
152.49999999999702 0.014012529081332081
152.599999999997 0.013907640371382703
152.699999999997 0.013803924368593545
152.799999999997 0.013701363664732848
152.899999999997 0.013599941173233415
152.999999999997 0.01349964012209007
153.09999999999698 0.013400444046939306
153.19999999999698 0.013302336784315832
153.29999999999697 0.013205302465080854
153.39999999999696 0.01310932550801711
153.49999999999696 0.013014390613585874
153.59999999999695 0.012920482757841212
153.69999999999695 0.012827587186497033
153.79999999999694 0.012735689409142551
153.89999999999694 0.01264477519360192
153.99999999999693 0.012554830560433968
154.09999999999692 0.012465841777568052
154.19999999999692 0.012377795355072232
154.2999999999969 0.012290678040050004
154.3999999999969 0.01220447681166203
154.4999999999969 0.012119178876269366
154.5999999999969 0.01203477166269482
154.6999999999969 0.01195124281759915
154.79999999999688 0.011868580200968969
154.89999999999688 0.011786771881713237
154.99999999999687 0.01170580613336542
155.09999999999687 0.01162567142988837
155.19999999999686 0.011546356441579196
155.29999999999686 0.011467850031071338
155.39999999999685 0.011390141249431307
155.49999999999685 0.01131321933234743
155.59999999999684 0.011237073696408246
155.69999999999683 0.011161693935468056
155.79999999999683 0.011087069817097372
155.89999999999682 0.011013191279115955
155.99999999999682 0.010940048426206288
156.0999999999968 0.010867631526605354
156.1999999999968 0.010795931008872637
156.2999999999968 0.01072493745873238
156.3999999999968 0.010654641615988116
156.4999999999968 0.01058503437150763
156.59999999999678 0.010516106764276495
156.69999999999678 0.010447849978518409
156.79999999999677 0.010380255340880619
156.89999999999677 0.010313314317682747
156.99999999999676 0.0102470185122274
157.09999999999675 0.010181359662170961
157.19999999999675 0.01011632963695308
157.29999999999674 0.0100519204352833
157.39999999999674 0.009988124182683432
157.49999999999673 0.009924933129084242
157.59999999999673 0.00986233964647509
157.69999999999672 0.009800336226605201
157.79999999999671 0.00973891547873524
157.8999999999967 0.009678070127437998
157.9999999999967 0.009617793010446914
158.0999999999967 0.009558077076551265
158.1999999999967 0.009498915383536893
158.2999999999967 0.009440301096171309
158.39999999999668 0.009382227484232097
158.49999999999667 0.009324687920577602
158.59999999999667 0.00926767587925879
158.69999999999666 0.009211184933671344
158.79999999999666 0.009155208754746987
158.89999999999665 0.0090997411091831
158.99999999999665 0.0090447758577097
159.09999999999664 0.008990306953392884
159.19999999999663 0.008936328439973868
159.29999999999663 0.008882834450242773
159.39999999999662 0.008829819204446298
159.49999999999662 0.00877727700872855
159.5999999999966 0.00872520225360415
159.6999999999966 0.008673589412462922
159.7999999999966 0.00862243304010541
159.8999999999966 0.008571727771308464
159.9999999999966 0.008521468319420238
