0,1 2,2527126413844205
0,13125 1,9682271449642974
0,1625 1,743446562332238
0,19375 1,557643824073814
0,225 1,3994470380121862
0,25625 1,2619316495008839
0,2875 1,1405614921316656
0,31875 1,0321991106891957
0,35 0,9345812181030014
0,38125 0,8460193228258055
0,4125 0,7652186293206975
0,44375 0,6911632064689521
0,475 0,6230402867315521
0,50625 0,5601887011576765
0,5375 0,5020627596297735
0,56875 0,4482063315936418
0,6 0,39823385013965
0,63125 0,3518161289501223
0,6625 0,3086695964393923
0,69375 0,2685480022074602
0,725 0,23123594259313573
0,75625 0,19654374518635992
0,7875 0,16430338262293442
0,81875 0,13436517579648308
0,85 0,10659510950167975
0,88125 0,08087262823070834
0,9125 0,05708881208507324
0,94375 0,03514485631855055
0,975 0,014950795443019416
1,00625 -0,003575578597249631
1,0375 -0,02050961362376847
1,06875 -0,0359206056441943
1,1 -0,04987245160962511
1,13125 -0,062424232546106725
1,1625 -0,07363071488010697
1,19375 -0,08354278667486667
1,225 -0,09220783876553068
1,25625 -0,09967009902863533
1,2875 -0,10597092661306629
1,31875 -0,11114907182030559
1,35 -0,11524090639567641
1,38125 -0,1182806282347102
1,4125 -0,12030044388670397
1,44375 -0,1213307317235594
1,475 -0,12140018821594378
1,50625 -0,12053595940371181
1,5375 -0,11876375935054578
1,56875 -0,11610797712333515
1,6 -0,11259177362634071
1,63125 -0,10823716944244521
1,6625 -0,1030651246823675
1,69375 -0,09709561171403258
1,725 -0,0903476815343266
1,75625 -0,08283952445072595
1,7875 -0,07458852565941454
1,81875 -0,06561131623619232
1,85 -0,05592381999609519
1,88125 -0,04554129662495032
1,9125 -0,03447838144041726
1,94375 -0,02274912210035207
1,975 -0,010367012541270482
2,00625 0,0026549711533865317
2,0375 0,01630435949894793
2,06875 0,0305691356246387
2,1 0,04543772819469982
2,13125 0,06089898348589218
2,1625 0,07694214359926743
2,19375 0,09355682613793637
2,225 0,1107330052311597
2,25625 0,12846099379661358
2,2875 0,14673142694268793
2,31875 0,16553524642193407
2,35 0,18486368605466175
2,38125 0,20470825804921577
2,4125 0,22506074015175503
2,44375 0,2459131635644073
2,475 0,26725780157583945
2,50625 0,2890871588531163
2,5375 0,31139396134799013
2,56875 0,3341711467746219
2,6 0,3574118556193949
2,63125 0,38110942264642134
2,6625 0,4052573688655047
2,69375 0,4298493939318414
2,725 0,4548793689489965
2,75625 0,48034132964919296
2,7875 0,5062294699266112
2,81875 0,5325381357014733
2,85 0,5592618190941383
2,88125 0,5863951528900986
2,9125 0,6139329052781366
2,94375 0,6418699748450551
2,975 0,6702013858118148
3,00625 0,6989222790495755
3,0375 0,7280279256318287
3,06875 0,7575136957678748
3,1 0,7873750729240772
3,13125 0,8176076455355821
3,1625 0,8482071034231649
3,19375 0,8791692343699753
3,225 0,9104899208493633
3,25625 0,9421651368956676
3,2875 0,9741909451102273
3,31875 1,0065634937955423
3,35 1,0392790142107293
3,38125 1,0723338179420898
3,4125 1,105724294382759
3,44375 1,1394469083159462
3,475 1,173498197596493
3,50625 1,2078747709258586
3,5375 1,2425733057158959
3,56875 1,2775905460370296
3,6 1,3129233006468313
3,63125 1,3485684410949759
3,6625 1,3845228999010482
3,69375 1,4207836688017623
3,725 1,457347797064204
3,75625 1,4942123898622122
3,7875 1,5313746067128484
3,81875 1,5688316599703247
3,85 1,6065808133746975
3,88125 1,6446193806529201
3,9125 1,6829447241699556
3,94375 1,721554253627646
3,975 1,760445424809408
4,00625 1,7996157339215098
4,0375 1,8390627342984955
4,06875 1,8787840083285685
4,1 1,9187771844151778
4,13125 1,95903993138662
4,1625 1,9995699574768036
4,19375 2,040365009339853
4,225 2,0814228710970992
4,25625 2,1227413634152077
4,2875 2,16431834261411
4,31875 2,2061516998036543
4,35 2,2482393600477044
4,38125 2,2905792815547446
4,4125 2,333169454893837
4,44375 2,3760079022350338
4,475 2,4190926766132486
4,50625 2,462421861214728
4,5375 2,505993568685252
4,56875 2,549805940459213
4,6 2,5938571461088955
4,63125 2,63814538271306
4,6625 2,682668874244234
4,69375 2,7274258709740336
4,725 2,772414648895727
4,75625 2,817633509163593
4,7875 2,863080777548336
4,81875 2,908754803908093
4,85 2,9546539616743903
4,88125 3,000776647352572
4,9125 3,0471212800362273
4,94375 3,0936863009350324
4,975 3,140470172915703
5,00625 3,187471375608353
5,0375 3,2346884228472703
5,06875 3,2821198353033108
5,1 3,32976415812544
5,13125 3,3776199560044793
5,1625 3,4256858127833656
5,19375 3,4739603310777074
5,225 3,5224421319062365
5,25625 3,571129854330893
5,2875 3,6200221551061684
5,31875 3,669117708337497
5,35 3,718415205148297
5,38125 3,7679133533555076
5,4125 3,8176108771532524
5,44375 3,8675065168044473
5,475 3,9175990283400672
5,50625 3,9678871832658498
5,5375 4,018369768276221
5,56875 4,069045584975164
5,6 4,119913449603945
5,63125 4,17097219277532
5,6625 4,222220659214168
5,69375 4,273657707504341
5,725 4,325282209841433
5,75625 4,3770930517914515
5,7875 4,4290891320551005
5,81875 4,481269362237596
5,85 4,533632666623782
5,88125 4,586177981958431
5,9125 4,638904257231607
5,94375 4,691810453468859
5,975 4,744895543526259
6,00625 4,798158507442885
6,0375 4,851598350120072
6,06875 4,905214074184896
6,1 4,95900469785572
6,13125 5,0129692502230805
6,1625 5,067106771070517
6,19375 5,1214163106993285
6,225 5,175896929757111
6,25625 5,230547699070014
6,2875 5,285367699478565
6,31875 5,340356021677044
6,35 5,395511766056212
6,38125 5,4508340425494115
6,4125 5,506321970481861
6,44375 5,561974678423123
6,475 5,6177913040426315
6,50625 5,673770993968202
6,5375 5,729912903647476
6,56875 5,786216197212147
6,6 5,842680047345048
6,63125 5,899303635149831
6,6625 5,95608615002332
6,69375 6,013026789530473
6,725 6,070124759281736
6,75625 6,127379272812932
6,7875 6,1847895514674525
6,81875 6,242354824280836
6,85 6,300074327867547
6,88125 6,357947306309984
6,9125 6,415973011049658
6,94375 6,474150700780422
6,975 6,5324796413438335
7,00625 6,590959101179351
7,0375 6,649588369098763
7,06875 6,708366727242394
7,1 6,7672934690349855
7,13125 6,8263678945546165
7,1625 6,885589310439325
7,19375 6,944957029795489
7,225 7,004470372107883
7,25625 7,064128663151408
7,2875 7,123931234904423
7,31875 7,183877425463689
7,35 7,243966578960812
7,38125 7,30419804548025
7,4125 7,364571180978749
7,44375 7,425085347206256
7,475 7,485739911628233
7,50625 7,546534247349344
7,5375 7,607467733038517
7,56875 7,668539752855271
7,6 7,729749696377428
7,63125 7,791096958529987
7,6625 7,852580939515283
7,69375 7,914201044744395
7,725 7,975956684769638
7,75625 8,037847275218313
7,7875 8,099872236727506
7,81875 8,16203099488008
7,85 8,22432298014168
7,88125 8,286747627798837
7,9125 8,349304377898111
7,94375 8,411992675186225
7,975 8,474811969051263
8,00625 8,537761709017683
8,0375 8,600841362564571
8,06875 8,664050388124688
8,1 8,727388253082255
8,13125 8,790854429182865
8,1625 8,854448392480183
8,19375 8,918169623283545
8,225 8,982017606106378
8,25625 9,045991829615472
8,2875 9,110091786581034
8,31875 9,17431697382758
8,35 9,238666892185558
8,38125 9,303141046443786
8,4125 9,367738945302593
8,44375 9,43246010132773
8,475 9,497304030904983
8,50625 9,5622702541955
8,5375 9,62735829509182
8,56875 9,692567681174536
8,6 9,757897943669713
8,63125 9,823348617406864
8,6625 9,888919240777613
8,69375 9,954609355695021
8,725 10,020418507553448
8,75625 10,086346245189093
8,7875 10,152392120841078
8,81875 10,218555690113165
8,85 10,284836511935998
8,88125 10,35123414852993
8,9125 10,417748165368405
8,94375 10,484378131141852
8,975 10,55112361772217
9,00625 10,61798419568059
9,0375 10,684959452128309
9,06875 10,752048963737503
9,1 10,819252314760648
9,13125 10,886569092461542
9,1625 10,953998887082733
9,19375 11,021541291813417
9,225 11,089195902757814
9,25625 11,15696231890397
9,2875 11,224840142093015
9,31875 11,292828976988863
9,35 11,360928431048322
9,38125 11,429138114491638
9,4125 11,497457640273439
9,44375 11,565886624054102
9,475 11,634424684171497
9,50625 11,703071441613139
9,5375 11,771826519988728
9,56875 11,840689545503023
9,6 11,909660146929175
9,63125 11,978737955582329
9,6625 12,047922605293634
9,69375 12,117213732384638
9,725 12,186610975641939
9,75625 12,256113976292273
9,7875 12,325722377977861
9,81875 12,395435826732152
9,85 12,465253970955835
9,88125 12,535176461393203
9,9125 12,605202951108819
9,94375 12,675333095464476
9,975 12,745566552096513
