0	1	1.2521596988673136	1.24476578908857
0.010101010101010102	1.1188026521439243	0.5801635997041457	0.5894418503772528
0.020202020202020204	1.2211336085438549	0.6594110427235433	0.6735088895403016
0.030303030303030304	1.306870421736893	1.341016835774755	1.308532817141363
0.04040404040404041	1.3761453514319433	0.8787966876867985	0.8962948620682574
0.050505050505050504	1.4293371489280329	1.0732261618579646	1.0869781165480163
0.06060606060606061	1.4670589494257253	1.8036714965153564	1.7809482346617844
0.0707070707070707	1.4901424912628656	1.5095266785688564	1.5033754014855345
0.08080808080808081	1.4996189398114397	1.0100956956095246	1.0517559874524256
0.09090909090909091	1.4966966479130814	1.8885724859086945	1.8387140713278152
0.10101010101010101	1.4827362334375558	1.0846189209055828	1.1108445475869575
0.1111111111111111	1.459223397040009	1.0952054938806282	1.1005837687930604
0.12121212121212122	1.4277399387879663	1.4361452557621917	1.4178054193718417
0.13131313131313133	1.389933460458278	1.1202832414408013	1.1345556925057871
0.1414141414141414	1.347486260518323	1.1689406807717035	1.1568644204123621
0.15151515151515152	1.3020839407832498	0.9424508933656832	0.9635163288104404
0.16161616161616163	1.2553842472932546	1.2815608970333026	1.2409221793530372
0.1717171717171717	1.2089866630290538	0.5119648892702335	0.568949189217467
0.18181818181818182	1.1644032567637517	1.635609320504269	1.5913363436075718
0.1919191919191919	1.1230312708544585	1.2388265518091637	1.2533926330038578
0.20202020202020202	1.086127901458315	0.9323336724725051	0.9277247375565609
0.21212121212121213	1.0547876879921598	0.5330773083507916	0.5303312179464864
0.2222222222222222	1.0299228852385078	0.4150918006831059	0.43810412644886215
0.23232323232323232	1.012247142037101	1.3199753371612801	1.3025445557694253
0.24242424242424243	1.0022627557929313	1.4765356803727383	1.4739210220382866
0.25252525252525254	1.0002517129645652	1.0602075861698712	1.0455801805710485
0.26262626262626265	1.0062706632274905	0.3224913702855685	0.37233452012849766
0.2727272727272727	1.020149910147368	1.3368817947883507	1.271737089353692
0.2828282828282828	1.0414964349974878	0.5131383344200635	0.5770259525967705
0.29292929292929293	1.069700903884907	1.6790200433242024	1.6359097176737363
0.30303030303030304	1.1039485426865494	1.3928331270309533	1.4073351747298921
0.31313131313131315	1.1432337005028415	1.1678542715716185	1.1612816789571638
0.32323232323232326	1.1863778614450051	0.7159455458549437	0.7175238156535981
0.3333333333333333	1.232050807568877	0.5443157571468609	0.5530954315627
0.3434343434343434	1.278794583576414	0.9910940778644839	0.9872033935625405
0.35353535353535354	1.3250498673716289	1.449790297234376	1.4610871269472836
0.36363636363636365	1.3691843104352313	1.8507820384061953	1.805054487205441
0.37373737373737376	1.409522378922918	0.6654546701968456	0.7197303585347462
0.3838383838383838	1.444376200933594	1.4979592321295474	1.4784947452083566
0.3939393939393939	1.4720769079506377	1.929853607961057	1.9271588177093462
0.40404040404040403	1.4910059493174135	1.8635443399438638	1.8579824386399115
0.41414141414141414	1.4996258579194954	1.3264863954749648	1.3327044957733236
0.42424242424242425	1.496509953026019	0.9701885606238165	0.969254007278071
0.43434343434343436	1.4803704823703594	0.7698797536602842	0.7637499614867739
0.4444444444444444	1.4500847297703157	0.7765982434958056	0.8057666813066372
0.45454545454545453	1.4047186465140409	1.8271830212800109	1.7978577069959099
0.46464646464646464	1.3435476038597027	1.5332321804193678	1.525732797729672
0.47474747474747475	1.2660739096876452	0.6888384667161906	0.707633141093109
0.48484848484848486	1.1720407838710725	0.7969820262059437	0.8117381936410039
0.494949494949495	1.0614425434680197	1.4700850299781858	1.4267599742362906
0.5050505050505051	0.9345308094757486	0.6189408278259374	0.6657937582358903
0.5151515151515151	0.7918166106543414	1.0140354717463254	0.9744403951862332
0.5252525252525253	0.634068325794245	0.09953805295440721	0.11300769363847073
0.5353535353535354	0.46230547271354017	-0.22094699176960386	-0.1986888818470219
0.5454545454545454	0.27778841914832264	0.4346273451259508	0.41220206488377653
0.5555555555555556	0.08200415646764081	0.10587423497632253	0.09272093772668892
0.5656565656565656	-0.12335165925609415	-0.7971596271404708	-0.7675638352050358
0.5757575757575758	-0.33639613388362377	-0.45584689482811447	-0.46375410083478846
0.5858585858585859	-0.5550837083741289	-0.24521021891607386	-0.2505308996294701
0.5959595959595959	-0.7772335061336677	-0.5845380430841183	-0.5918546713885786
0.6060606060606061	-1.0005590369317834	-1.4228907310599297	-1.4196177845719846
0.6161616161616161	-1.2226998011315717	-1.952819138682923	-1.9340497771935214
0.6262626262626263	-1.4412543065925338	-1.6435120187091188	-1.6626748360615267
0.6363636363636364	-1.6538139869818012	-2.002656370623012	-2.0099532969245106
0.6464646464646465	-1.8579974947516993	-2.5050062411004905	-2.4640637602901756
0.6565656565656566	-2.051484834962671	-1.724222718563421	-1.7834921965163588
0.6666666666666666	-2.232050807568876	-2.875636395138195	-2.8209726569923554
0.6767676767676768	-2.397597235720339	-2.451456868324098	-2.5022913978136643
0.6868686868686869	-2.546183475915484	-3.278133189221031	-3.2196084896597688
0.696969696969697	-2.676054732172124	-2.229340741781491	-2.2816310542534914
0.7070707070707071	-2.7856677303548603	-2.876898505743391	-2.8495361694438204
0.7171717171717171	-2.8737133498616263	-2.8534689913955056	-2.855469665879691
0.7272727272727273	-2.9391358573763626	-2.9397406623311357	-2.9678110041670935
0.7373737373737373	-2.9811484405802786	-3.7177190768501807	-3.654872196493466
0.7474747474747475	-2.9992447977309356	-2.5059879074026807	-2.5779310714504153
0.7575757575757576	-2.9932066009391005	-3.7238613674803798	-3.682953493301005
0.7676767676767676	-2.9631067158079154	-3.708495703047081	-3.7215889215348543
0.7777777777777778	-2.909308126810325	-3.563648482655652	-3.536274233579085
0.7878787878787878	-2.8324585853020077	-2.6012439039033186	-2.660124458083506
0.797979797979798	-2.7334810643179805	-3.4316725145041436	-3.3636795313546153
0.8080808080808081	-2.6135601702059685	-1.9932888735603276	-2.0294239716801945
0.8181818181818182	-2.4741247246543208	-1.830668574624788	-1.8391406123008334
0.8282828282828283	-2.316826790761274	-2.375036148455163	-2.3611024744704188
0.8383838383838383	-2.143517472504803	-2.3305180595923933	-2.3163788118383106
0.8484848484848485	-1.9562198674180937	-1.7813107463289868	-1.8194062765282708
0.8585858585858586	-1.757099596648706	-2.4404338733962856	-2.3985462960723067
0.8686868686868687	-1.5484333741718546	-1.7392825302632398	-1.7726072780740023
0.8787878787878788	-1.332576107140482	-1.8697559582473995	-1.8491553625348056
0.8888888888888888	-1.1119270417061495	-1.2065010181057938	-1.2032819083798851
0.898989898989899	-0.888895482781008	-0.4504660670016196	-0.47013784579377255
0.9090909090909091	-0.6658666219093115	-0.6173182241621877	-0.6067850775518503
0.9191919191919192	-0.4451680045904355	-0.5941195156749807	-0.6031076272142055
0.9292929292929293	-0.22903715709382189	-0.5329783552779495	-0.5023041793746826
0.9393939393939394	-0.019590873215583948	0.5912966949308198	0.5512377352953557
0.9494949494949495	0.1812033661340845	0.31131176027265006	0.34571299579786696
0.9595959595959596	0.37155340270762605	0.7242111308854273	0.6752124446812234
0.9696969696969697	0.5498654442952511	-0.17101630603269447	-0.10629662802789243
0.9797979797979798	0.714763794248856	1.2872847854878642	1.2550216881175806
0.98989898989899	0.8651069735176663	1.5516249911563822	1.5410355030845007
1	0.9999999999999996	0.7492513973262396	0.7599226638680731
