# x_n y_n
0 3,041592653589793
0,125 3,037692910752026
0,145 3,0363638498975676
0,16499999999999998 3,0348319699800825
0,18499999999999997 3,033095243886373
0,20499999999999996 3,031151249027535
0,22499999999999995 3,02899716474646
0,24499999999999994 3,026629768989512
0,26499999999999996 3,024045434244293
0,285 3,0212401227447554
0,305 3,018209380944315
0,325 3,0149483332571596
0,34500000000000003 3,011451675067582
0,36500000000000005 3,0077136650069467
0,38500000000000006 3,003728116497842
0,4050000000000001 2,9994883885650716
0,4250000000000001 2,994987375913446
0,4450000000000001 2,9902174982728824
0,46500000000000014 2,98517068901209
0,48500000000000015 2,979838383023216
0,5050000000000001 2,97421150388122
0,5250000000000001 2,9682804502835354
0,5450000000000002 2,9620350817777723
0,5650000000000002 2,9554647037878965
0,5850000000000002 2,948558051952547
0,6050000000000002 2,94130327579298
0,6250000000000002 2,933687921732657
0,6450000000000002 2,9256989154957966
0,6650000000000003 2,9173225439184036
0,6850000000000003 2,9085444362124524
0,7050000000000003 2,899349544732206
0,7250000000000003 2,889722125301191
0,7450000000000003 2,8796457171693
0,7650000000000003 2,869103122682007
0,7850000000000004 2,8580763867579746
0,8050000000000004 2,8465467762875454
0,8250000000000004 2,8344947595830505
0,8450000000000004 2,8218999860326837
0,8650000000000004 2,8087412661332065
0,8850000000000005 2,794996552103217
0,9050000000000005 2,7806429193084132
0,9250000000000005 2,765656548763555
0,9450000000000005 2,7500127110129617
0,9650000000000005 2,733685751732723
0,9850000000000005 2,716649079443677
1,0050000000000006 2,698875155774933
1,0250000000000006 2,6803354887736157
1,0450000000000006 2,6610006298178006
1,0650000000000006 2,6408401747565975
1,0850000000000006 2,6198227699740837
1,1050000000000006 2,597916124152386
1,1250000000000007 2,5750870265935517
1,1450000000000007 2,551301373049655
1,1650000000000007 2,5265242001053614
1,1850000000000007 2,5007197292561285
1,2050000000000007 2,473851421927229
1,2250000000000008 2,445882046782212
1,2450000000000008 2,4167737607722657
1,2650000000000008 2,386488205477387
1,2850000000000008 2,35498662038297
1,3050000000000008 2,322229974817041
1,3250000000000008 2,2881791203387642
1,3450000000000009 2,252794965411735
1,3650000000000009 2,216038674208606
1,385000000000001 2,1778718913682122
1,405000000000001 2,138256994452817
1,425000000000001 2,097157375720446
1,445000000000001 2,0545377546236003
1,465000000000001 2,0103645221581705
1,485000000000001 1,9646061178019367
1,505000000000001 1,9172334392876262
1,525000000000001 1,868220284838884
1,545000000000001 1,8175438267483517
1,565000000000001 1,7651851142879849
1,585000000000001 1,7111296029098193
1,605000000000001 1,6553677055237335
1,625000000000001 1,5978953603382515
1,6450000000000011 1,538714608341567
1,6650000000000011 1,4778341720145527
1,6850000000000012 1,4152700253500157
1,7050000000000012 1,3510459437608993
1,7250000000000012 1,2851940210661388
1,7450000000000012 1,2177551395305997
1,7650000000000012 1,1487793779991886
1,7850000000000013 1,0783263426051268
1,8047058104319826 1,007532633987727
1,8237399551303286 0,9379261375758781
1,8419408200015663 0,8703119649754412
1,8592816519665911 0,8050020677201407
1,8758086658079531 0,7420129476552594
1,8916009511247724 0,6812056839361784
1,906747396975763 0,6223735536706986
1,921334790622712 0,5652918082481361
1,9354425124941308 0,5097433030185419
1,9491408180978451 0,45552994640053346
1,9624909133056472 0,40247637797333324
1,9755458237809174 0,3504297004574826
1,988351533878438 0,29925742558481416
2,0009481381114393 0,24884479237835855
2,013370892743872 0,1990920411964079
2,0256511295322777 0,1499119090251597
2,0378170297645313 0,10122744285702234
2,0498942725406977 0,052970143303709666
2,061906576681794 0,005078411798343084
2,0738761561180117 -0,042503739822787025
2,0858241069310486 -0,08982776096096597
2,0977707418440907 -0,13694145549479886
2,1097358855586275 -0,1838897315925286
2,1217391422282312 -0,2307152372004254
2,1338001446346695 -0,2774589047348949
2,145938793292387 -0,3241604234724407
2,158175492708387 -0,3708586536094969
2,170531391296857 -0,4175919917595778
2,183028630903548 -0,46439869345517115
2,195690611418131 -0,5113171535881675
2,2085422753778277 -0,5583861400438654
2,2216104165357464 -0,6056449681805314
2,234924014665231 -0,6531335929776265
2,2485145957020394 -0,7008925796583975
2,2624166105236925 -0,7489628894088394
2,276667815281187 -0,7973853799808233
2,291309618016154 -0,8461998648955393
2,3063873251409226 -0,8954434904916252
2,321950169286231 -0,9451480658829293
2,338050915924412 -0,9953358070703366
2,354744717579326 -1,046012736377826
2,3720867062339983 -1,0971587603889223
2,3901276149641886 -1,1487133963495508
2,4089066187002337 -1,2005566228129991
2,4284408821704915 -1,2524861156918552
2,4484408821704915 -1,303517787156818
2,4684408821704915 -1,352369804924814
2,4884408821704915 -1,3990297071834747
2,5084408821704915 -1,443490484115961
2,5284408821704916 -1,4857499903223068
2,5484408821704916 -1,5258103676544525
2,5684408821704916 -1,5636774853968243
2,5884408821704916 -1,5993604033336504
2,6084408821704916 -1,6328708619658745
2,6284408821704917 -1,6642228029943738
2,6484408821704917 -1,6934319221825629
2,6684408821704917 -1,7205152558530459
2,688426921914341 -1,745474103418598
2,708343281805333 -1,7682705596246213
2,728174782431104 -1,7889299187969998
2,7479304418167314 -1,8075046847772962
2,7676327606226288 -1,8240536307178234
2,787310925279093 -1,838630380766632
2,8069965957845016 -1,8512777246178556
2,826721331554275 -1,862025255943803
2,846515021365159 -1,8708888830036166
2,866404911657225 -1,8778713755552785
2,886404911657225 -1,8829614119474174
2,906404911657225 -1,8861277706837665
2,926404911657225 -1,8873819998322032
2,946404911657225 -1,8867344143993328
2,966404911657225 -1,8841940953418788
2,986404911657225 -1,8797689084046538
3,006404911657225 -1,873465542400287
3,026404911657225 -1,8652895666872984
3,046404911657225 -1,8552455077346892
3,066404911657225 -1,843336944779384
3,086404911657225 -1,8295666246840123
3,106404911657225 -1,8139365961829221
3,1264049116572252 -1,796448363759998
3,1464049116572252 -1,7771030614286436
3,1664049116572253 -1,7559016466776958
3,1864049116572253 -1,732845114802363
3,2064049116572253 -1,7079347337516404
3,2264049116572253 -1,6811722994880796
3,2464049116572253 -1,652560411667432
3,2664049116572254 -1,622102769200023
3,2864049116572254 -1,5898044849488504
3,3064049116572254 -1,5556724184484767
3,3264049116572254 -1,5197155250923622
3,3464049116572254 -1,4819452197349343
3,3664049116572254 -1,4423757520914593
3,3864049116572255 -1,4010245906998902
3,4064049116572255 -1,3579128115441998
3,4264049116572255 -1,3130654867424023
3,4464049116572255 -1,2665120679933166
3,4664049116572255 -1,2182867587778334
3,4864049116572255 -1,1684288686515878
3,5064049116572256 -1,1169831423796588
3,526208406044373 -1,064528103936153
3,545587119280373 -1,011792110846875
3,5644100472075606 -0,959291459277295
3,5826167385740892 -0,9073665898194043
3,6001948189348947 -0,85622140685471
3,617162441941521 -0,8059600837348462
3,633555475611966 -0,7566180504572267
3,649418701873168 -0,7081860787397647
3,664800119218245 -0,6606278619166982
3,67974748175199 -0,613892195277271
3,6943063611821865 -0,5679210293702566
3,7085191960561636 -0,5226545489694271
3,7224249509964893 -0,47803420338126795
3,7360591328865116 -0,43400437846490236
3,749454001003026 -0,39051319975966947
3,762638870014691 -0,347512800717496
3,775640445701193 -0,30495927701237
3,788483159450483 -0,2628124690705394
3,8011894838703553 -0,22103566168572547
3,8137802216520456 -0,17959525448731473
3,8262747655048623 -0,13846043444444306
3,8386913301042083 -0,09760286739745691
3,8510471585703483 -0,05699641693416984
3,8633587066610255 -0,016616893817609696
3,8756418080138615 0,023558163673981655
3,8879118236547963 0,06354967956152013
3,900183778738229 0,10337720174975029
3,9124724891827856 0,14305903700600936
3,9247926805550897 0,18261236062517383
3,9371591012498177 0,22205330151428276
3,949586631719219 0,2613970026976498
3,9620903912097316 0,3006576563474929
3,974685843148236 0,33984851136576233
3,987388899957019 0,37898185023302255
4,000216027623425 0,4180689302278727
4,013184349749811 0,457119882107087
4,026311749980972 0,4961435567953255
4,0396169705371126 0,535147307406332
4,0531197029140795 0,5741366898189453
4,066840664434606 0,6131150598582938
4,080801650957195 0,652083038698703
4,095025551302162 0,6910378103141807
4,10953630238962 0,7299722058010094
4,124358755227381 0,7688735198607346
4,139518410381086 0,807721996378072
4,155040967494915 0,8464889164653844
4,170951618001762 0,8851342303495376
4,187273996815458 0,9236037056079387
4,2040287049758165 0,9618256361747707
4,221231334332898 0,999707292095036
4,238889987523178 1,0371315101313392
4,257002414439485 1,0739541296558435
4,275553091090336 1,1100033099977826
4,294510819699824 1,1450819723149557
4,313827632465172 1,1789744449013349
4,33343977377603 1,2114576265619748
4,353271175288691 1,242315640672719
4,373239150622978 1,2713555018820843
4,3932391506229775 1,2983917419991955
4,413226280233579 1,3233558052173977
4,433134119761959 1,346176446886056
4,452912438497034 1,3668277965790034
4,4725274944034785 1,385320719892703
4,4919607437089395 1,4016927793770244
4,5112065780916915 1,4159984893423778
4,53026968273997 1,4283009435864045
4,549162450372724 1,4386652695581228
4,567902702947854 1,4471539094996873
4,586511823291913 1,4538234803562577
4,605013300586485 1,4587228749851053
4,623431640856323 1,4618922749920271
4,641791572810953 1,4633627991318099
4,6601174774949845 1,4631565779009452
4,678432977483975 1,461287107757636
4,696760631686202 1,4577597907697513
4,715121691811482 1,4525726066128117
4,733535884723641 1,4457168955222424
4,752021190801922 1,4371782556187211
4,770593592363512 1,4269375783175893
4,789266768845598 1,4149722628689643
4,808051717876758 1,401257665844157
4,826956285039357 1,3857688523909846
4,845984591925128 1,3684827200775487
4,865136364287223 1,349380557417343
4,884406182032683 1,3284510695438083
4,9037827020669535 1,3056938434675178
4,923247942915278 1,2811231272777777
4,942776761533576 1,254771661912527
4,962336686411662 1,2266941474785493
4,98188827942921 1,196969788719105
5,001386162817987 1,1657033078543122
5,020780756209114 1,133023902444549
5,040020631495657 1,0990818936010027
5,059055245085655 1,064043220082418
5,0778376991087075 1,0280823751351287
5,09632715884968 0,9913747075995487
5,114490625231009 0,9540891037690393
5,132303901921433 0,9163819105978405
5,149751756106577 0,8783926294145254
5,16682740152361 0,8402415271508301
5,183531504905559 0,8020289917230445
5,1998709310242 0,7638362604440909
5,215857413013749 0,7257270803133907
5,231506285010088 0,6877498857016054
5,246835361371733 0,6499401597067046
5,261864001880716 0,612322743376248
5,2766123697480545 0,5749139479232971
5,2911008688745005 0,5377233973969238
5,305349736314083 0,5007555803545888
5,319378762320035 0,4640111212678212
5,333207111070996 0,4274877999864412
5,346853218161494 0,39118135504752116
5,36033474483128 0,35508610769035176
5,3736685728786275 0,3191954409161963
5,386870827816062 0,2835021637056163
5,39995692089784 0,24799878576084253
5,412941603140168 0,21267772355100195
5,42583902640941 0,17753145434094947
5,438662808145956 0,14255263140810925
5,451426097406194 0,10773417080510349
5,464141640721171 0,07306931775723136
5,476821846856482 0,038551699016166896
5,489478849969232 0,004175366142963641
5,502124570938463 -0,030065166311081686
5,51477077682823 -0,06417488448292752
5,527429138551739 -0,09815823799277752
5,540111286857529 -0,13201909942788323
5,552828866765274 -0,16576071824848929
5,565593590545242 -0,19938566687739281
5,578417289262993 -0,232895776643342
5,59131196279658 -0,26629206104480324
5,604289828070409 -0,29957462348609737
5,617363365026254 -0,33274254621011085
5,6305453595510775 -0,36579375660579205
5,643848942180549 -0,3987248663991835
5,657287620866818 -0,4315309784415743
5,670875305401758 -0,4642054548936113
5,684626320176773 -0,4967396395929536
5,698555400784241 -0,5291225263388979
5,7126776684667995 -0,5613403638355691
5,727008574546445 -0,5933761872943926
5,741563804685359 -0,6252092665248944
5,75635913016757 -0,6568144612518754
5,771410190476101 -0,6881614771720694
5,786732188599444 -0,7192140220519527
5,802339478378731 -0,7499288715453625
5,818245022928537 -0,7802548713518531
5,834459706500167 -0,8101319279765596
5,850991491595884 -0,8394900763029971
5,867844431687194 -0,8682487581868025
5,885017580263852 -0,8963164979705778
5,902503879888629 -0,9235912069948367
5,9202891665556 -0,9499613696933323
5,938351473539141 -0,9753083309842884
5,956660845252541 -0,9995097913610878
5,97517985136022 -1,0224444126329122
5,99386490735571 -1,0439971709537306
6,01266836451533 -1,064064837298966
6,0315411641291 -1,0825608181866966
6,050435714250812 -1,099418630320957
6,0693085935783015 -1,1145935216919916
6,088122735880593 -1,1280621143092842
6,106848876812629 -1,1398203076110014
6,125466202655708 -1,149879937602844
6,143962276790455 -1,1582647852225592
6,162332404434487 -1,165006483846348
6,180578624850413 -1,1701407449171517
6,1987085061638965 -1,173704162594294
6,216733880598844 -1,175731716747454
6,234669614286508 -1,1762549895215024
6,252532466618055 -1,175301046971458
6,270340064165662 -1,172891906740126
6,288109994154571 -1,1690445049867768
6,3058590109021235 -1,1637710810597253
6,323602343517079 -1,1570799092989719
6,341353092633082 -1,1489763187645319
6,359121706660109 -1,1394639503365709
6,376915533022298 -1,1285462044897752
6,394738446374198 -1,1162278309553504
6,412590563089117 -1,102516603128265
6,430468058393381 -1,0874250061729294
6,4483631080238295 -1,070971850431453
6,466263978550466 -1,0531837046996249
6,484155287839038 -1,0340960325020434
6,5020184483171235 -1,013753914732494
6,51983229066447 -0,9922122592115168
6,53757384584329 -0,9695354342909536
6,555219242339008 -0,945796317354011
6,572744657587787 -0,921074812324009
6,590127252259622 -0,8954559514503224
6,6073460162680195 -0,8690277431072057
6,624382466435413 -0,8418789495158354
6,641221155265686 -0,8140969725703996
6,657849973956961 -0,7857659955383075
6,674260255830571 -0,7569654818065262
6,690446704848967 -0,727769079747884
6,70640718567193 -0,6982439348793805
6,722142416440395 -0,6684503733415733
6,737655604286116 -0,638441897102302
6,752952058290775 -0,6082654206872327
6,7680388072146584 -0,5779616791071512
6,782924241417762 -0,5475657436093672
6,797617791133571 -0,5171075926722578
6,81212964724663 -0,48661269768681864
6,826470526180451 -0,45610259425453475
6,8406514773606295 -0,42559541997209593
6,854683729769401 -0,39510640756002013
6,868578573087417 -0,36464832821118304
6,882347268566319 -0,3342318842997341
6,896000984867549 -0,30386605341325995
6,909550754462276 -0,27355838738063526
6,923007446684806 -0,24331527086490987
6,936381754078535 -0,21314214442526408
6,949684189212605 -0,18304369692066141
6,962925089645859 -0,15302403187633506
6,976114629155865 -0,1230868120665335
6,989262833728855 -0,093235386153717
7,002379601122127 -0,06347290081149431
7,015474723068179 -0,033802401374043056
7,028557909395445 -0,004226923714321755
7,041638813500324 0,02525042023528212
7,054727058724971 0,05462636114051733
7,06783226528001 0,08389739310196748
7,08096407740456 0,11305969479993347
7,0941321904802965 0,14210904915505834
7,107346377812579 0,17104075974378657
7,120616516759688 0,19984956219487568
7,133952613828843 0,22852952873841315
7,147364828261357 0,25707396398487364
7,16086349349355 0,28547528988216136
7,1744591356974645 0,313724917638397
7,1881624883665625 0,34181310421537686
7,201984501604725 0,36972879080487187
7,215936344388446 0,3974594205174349
7,230029397587115 0,42499073237266966
7,24427523492973 0,45230652862917
7,258685588385693 0,4793884126036402
7,273272293577356 0,5062154945074276
7,288047209872045 0,5327640636250942
7,303022108748037 0,5590072265819175
7,318208522974099 0,5849145137737364
7,333617548238672 0,6104514596183409
7,349259588370182 0,6355791675552298
7,365144035605574 0,6602538781191016
7,3812788790686525 0,6844265683191706
7,397670238478709 0,7080426230884405
7,414321827020733 0,7310416342709967
7,4312343581273295 0,7533573980272061
7,448404926107334 0,7749181946743018
7,465826409593039 0,7956474409645343
7,48348696746078 0,8154647969957638
7,501369714710895 0,8342877811342528
7,519452674025087 0,8520338913762197
7,537709089661598 0,868623151381532
7,556108158243426 0,8839809047175646
7,574616175804947 0,898040593252863
7,593198030678927 0,9107462031775171
7,611818903878718 0,9220540691625372
7,63044599192528 0,9319338025109921
7,649050056109083 0,9403682392352186
7,6676066302985095 0,9473524562624793
7,686096777558284 0,9528920394925842
7,70450735706454 0,9570008758237095
7,7228308294325885 0,9596987700696465
7,7410646781559675 0,961009162691658
7,759210552446601 0,9609571628798456
7,777273243838707 0,959568034247579
7,795259600631572 0,956866194389873
7,813177466785452 0,9528747256958916
7,831034710738358 0,9476153477822423
7,848838388802563 0,9411087717805332
7,866594069759581 0,9333753408435426
7,884305333032727 0,9244358560166187
7,9019734423375 0,9143124886535458
7,919597189262292 0,9030296873214928
7,937172895783442 0,8906149972038743
7,95469456028324 0,8770997228484444
7,972154127541112 0,862519380686146
7,989541859185416 0,8469139060078551
8,006846777464002 0,830327599509734
8,024057152487003 0,8128088198807435
8,041161001997253 0,7944094493367267
8,058146573773056 0,7751841763159519
8,075002784159608 0,7551896517384462
8,091719591712064 0,7344835809809136
8,108288291867659 0,713123812731952
8,12470172605214 0,691167478937492
8,140954405736544 0,6686702287345205
8,157042557921478 0,6456855856480525
8,172964102850482 0,6222644434261545
8,188718577278118 0,5984547033729684
8,2043070174611 0,5743010459993748
8,21973181551502 0,5498448227268531
8,234996561290549 0,5251240492187651
8,250105879879818 0,5001734802853587
8,265065272618523 0,4750247466390195
8,27988096726628 0,4497065354464153
8,294559781099295 0,4242447990711555
8,309108999025012 0,3986629791697399
8,323536267554966 0,3729822360651377
8,337849504533139 0,3472216758638634
8,352056823871417 0,32139856998824934
8,366166474138984 0,2955285636221433
8,380186789634976 0,2696258710204333
8,394126152494103 0,24370345674456095
8,407992964391243 0,21777320270580774
8,421795626489569 0,19184606147815703
8,435542526391517 0,16593219673345594
8,44924203098405 0,14004111189849056
8,462902484205927 0,11418176827461417
8,476532208896085 0,08836269392681931
8,49013951200345 0,06259208466513594
8,50373269254609 0,03687789842579896
8,517320051800295 0,01122794432686463
8,530909905277046 -0,014350032366793507
8,544510596104478 -0,039848268173510816
8,558130509480605 -0,06525890105802783
8,571778087890486 -0,0905738906906746
8,585461846796505 -0,11578493817873475
8,599190390508516 -0,14088340414701492
8,61297242792148 -0,1658602240325238
8,62681678777011 -0,19070581943344395
8,640732432990387 -0,2154100043164842
8,654728473693432 -0,2399618848415278
8,668814178143656 -0,2643497515120188
8,68299898098506 -0,2885609623095885
8,697292487770516 -0,31258181543078456
8,711704474611272 -0,3363974102253315
8,726244881469453 -0,3599914949578201
8,740923797256524 -0,3833463001047852
8,755751434467697 -0,4064423560943192
8,770738090571397 -0,4292582947476347
8,785894092785247 -0,45177063426188824
8,801229722217865 -0,47395354847484805
8,816755112670231 -0,4957786224955996
8,832480118732438 -0,5172145987216437
8,84841414728745 -0,5382271199677368
8,864565946313483 -0,5587784800947251
8,880943345217002 -0,5788273973180287
8,897552942189966 -0,5983288313876257
8,914399736738634 -0,6172338729774218
8,93148671013038 -0,6354897414838914
8,948814363598062 -0,653039935063288
8,966380234087993 -0,6698245824393206
8,984178420003573 -0,6857810472058092
9,002199163741492 -0,7008448286479914
9,020428551471861 -0,7149507848707777
9,038848399678363 -0,7280346715500146
9,0574363973818 -0,7400349429885918
9,076166557735528 -0,7508947062226056
9,095010000051758 -0,7605636644393281
9,113936035209951 -0,7689998484336185
9,132913471845686 -0,7761709302360347
9,151912010944734 -0,7820549513745318
9,170903567109622 -0,7866403774622227
9,18986335643032 -0,7899254950234366
9,20877062556372 -0,7919172700634436
9,227608956354604 -0,7926298644658516
9,246366149926223 -0,7920830382043839
9,265033756639863 -0,7903006492303444
9,2836063605184 -0,7873094091903651
9,302080742875336 -0,7831379805242151
9,320455041951586 -0,7778164284962283
9,338728000677238 -0,7713759847505776
9,356898362419201 -0,7638490438557352
9,374964442693184 -0,7552693009198911
9,392923878413223 -0,7456719422579317
9,410773537453428 -0,7350938162035827
9,428509560034959 -0,7235735317726076
9,446127498469977 -0,711151454572768
9,463622521462769 -0,6978695891656406
9,480989651956506 -0,6837713533036165
9,498224012177701 -0,6689012613146004
9,515321055124362 -0,6533045412706553
9,532276767569893 -0,6370267138008117
9,549087835204418 -0,6201131601512003
9,565751765451212 -0,6026087042023303
9,582266967551988 -0,5845572285360362
9,598632792602602 -0,5660013391758616
9,614849538336243 -0,5469820880511652
9,630918424673371 -0,527538757123591
9,646841546524515 -0,5077087038314846
9,66262181021142 -0,48752726423173554
9,67826285933872 -0,467027707972528
9,693768995162657 -0,4462412379264522
9,709145095600757 -0,4251970267967349
9,724396536110154 -0,403922283097559
9,739529114804384 -0,3824423394214441
9,754548983422662 -0,3607807566813708
9,769462585132779 -0,3389594389213312
9,784276599642949 -0,31699875422716667
9,798997895712022 -0,2949176581711562
9,81363349086769 -0,27273381704591726
9,828190517951878 -0,25046372886318047
9,842676197994068 -0,22812284070319921
9,857097818850646 -0,20572566150334984
9,871462719026987 -0,18328586977851483
9,885778276107057 -0,16081641608305192
9,900051899242749 -0,13832962026773016
9,91429102519467 -0,11583726376801225
9,928503117461588 -0,09335067729460306
9,942695668083156 -0,07088082439401686
9,956876201746601 -0,04843838141527014
9,97105228187087 -0,02603381446640775
9,985231518379424 -0,0036774539777480464
9,999421576904762 0,01862043248741002
10 0,01952727792118025
